##FastQC	0.11.9
>>Basic Statistics	pass
#Measure	Value
Filename	SRR21901339.fastq
File type	Conventional base calls
Encoding	Sanger / Illumina 1.9
Total Sequences	400000
Sequences flagged as poor quality	0
Sequence length	149
%GC	50
>>END_MODULE
>>Per base sequence quality	pass
#Base	Mean	Median	Lower Quartile	Upper Quartile	10th Percentile	90th Percentile
1	31.304385	32.0	32.0	32.0	32.0	32.0
2	31.3359825	32.0	32.0	32.0	32.0	32.0
3	31.3616	32.0	32.0	32.0	32.0	32.0
4	31.4721325	32.0	32.0	32.0	32.0	32.0
5	31.46422	32.0	32.0	32.0	32.0	32.0
6	35.141695	36.0	36.0	36.0	36.0	36.0
7	35.1263925	36.0	36.0	36.0	36.0	36.0
8	35.11801	36.0	36.0	36.0	36.0	36.0
9	35.169895	36.0	36.0	36.0	36.0	36.0
10-14	35.101093500000005	36.0	36.0	36.0	36.0	36.0
15-19	35.016298000000006	36.0	36.0	36.0	36.0	36.0
20-24	34.88174349999999	36.0	36.0	36.0	36.0	36.0
25-29	34.776140000000005	36.0	36.0	36.0	32.0	36.0
30-34	34.753777	36.0	36.0	36.0	32.0	36.0
35-39	34.6965785	36.0	36.0	36.0	32.0	36.0
40-44	34.6224775	36.0	36.0	36.0	32.0	36.0
45-49	34.5360005	36.0	36.0	36.0	32.0	36.0
50-54	34.4203505	36.0	36.0	36.0	32.0	36.0
55-59	34.3100105	36.0	36.0	36.0	32.0	36.0
60-64	34.187903500000004	36.0	36.0	36.0	32.0	36.0
65-69	34.058346500000006	36.0	36.0	36.0	32.0	36.0
70-74	33.984138	36.0	36.0	36.0	32.0	36.0
75-79	33.8880425	36.0	36.0	36.0	29.0	36.0
80-84	33.777866	36.0	36.0	36.0	27.0	36.0
85-89	33.675671	36.0	36.0	36.0	27.0	36.0
90-94	33.510535499999996	36.0	35.2	36.0	27.0	36.0
95-99	33.3567175	36.0	32.0	36.0	27.0	36.0
100-104	33.1678985	36.0	32.0	36.0	27.0	36.0
105-109	32.898365	36.0	32.0	36.0	27.0	36.0
110-114	32.65072	36.0	32.0	36.0	27.0	36.0
115-119	32.337317	36.0	32.0	36.0	27.0	36.0
120-124	31.996369000000005	36.0	32.0	36.0	22.2	36.0
125-129	31.711026500000003	35.2	32.0	36.0	21.0	36.0
130-134	31.364932500000002	32.0	32.0	36.0	21.0	36.0
135-139	31.044065	32.0	30.0	36.0	21.0	36.0
140-144	30.81513	32.0	27.0	36.0	21.0	36.0
145-149	29.6165485	31.0	24.4	35.2	14.0	36.0
>>END_MODULE
>>Per sequence quality scores	pass
#Quality	Count
6	1.0
7	1.0
8	8.0
9	9.0
10	17.0
11	22.0
12	22.0
13	20.0
14	30.0
15	28.0
16	38.0
17	54.0
18	117.0
19	304.0
20	663.0
21	1096.0
22	1263.0
23	1643.0
24	2250.0
25	3141.0
26	4275.0
27	5827.0
28	7560.0
29	10012.0
30	13980.0
31	20652.0
32	34107.0
33	64601.0
34	132768.0
35	95491.0
>>END_MODULE
>>Per base sequence content	fail
#Base	G	A	T	C
1	46.0856033464764	18.607019194203712	10.05068750875648	25.256689950563416
2	20.677984756349225	19.57285759668612	32.876907645088586	26.872250001876065
3	22.260160893318123	24.456184587060495	29.125142582697965	24.158511936923414
4	13.969414860355874	16.226532133406035	37.626625179463836	32.17742782677425
5	14.767645440448202	35.82337051673253	34.87894552548647	14.5300385173328
6	32.010184353811255	37.043836239992594	16.893722066183294	14.052257340012856
7	25.450052770844483	29.070482840722082	22.878036824545696	22.601427563887736
8	26.81232274425654	31.60766895254673	19.251911986114653	22.32809631708208
9	24.272905750978506	12.844227138015981	19.077392489589716	43.8054746214158
10-14	26.39894120930623	21.03171070124876	26.297603815808035	26.271744273636973
15-19	25.47664923938206	26.361118947720147	23.840165189049024	24.322066623848766
20-24	25.04713939302372	25.29943332671289	24.803300282811342	24.850126997452048
25-29	24.92295500572334	25.198916167041553	24.965379781792567	24.91274904544254
30-34	25.151154779993185	25.18642631326425	24.621431383859846	25.04098752288272
35-39	25.109427992653604	25.086964548282147	24.812100041875063	24.991507417189187
40-44	25.071520129201524	25.074121770837397	24.65610800415062	25.198250095810454
45-49	25.14077714587594	24.973085250717393	24.7933367485382	25.092800854868468
50-54	25.00516542621395	25.073754281800642	24.78884287949123	25.13223741249418
55-59	25.200482087565234	24.881892048606993	24.745860906030448	25.171764957797325
60-64	24.98708014214095	24.978375184667666	24.911637177372516	25.12290749581887
65-69	25.168826556008295	24.913591919737662	24.698128262658553	25.219453261595493
70-74	24.998086647601507	24.93260747663084	24.92120239566727	25.148103480100385
75-79	25.126848202316882	24.888007442828275	24.733098577459433	25.25204577739541
80-84	25.015956797595774	24.99779906240058	24.847184900767726	25.139059239235916
85-89	25.114173293327458	24.871847324136116	24.714798089200965	25.299181293335458
90-94	25.006913263915663	24.889100245577136	24.86934806296096	25.234638427546248
95-99	25.032966076819335	24.95070715172596	24.772587825779098	25.243738945675602
100-104	25.004237921673205	24.876275189381346	24.87347491075362	25.24601197819183
105-109	24.91279389557269	25.017751242586982	24.79208544598122	25.27736941585911
110-114	24.942586495263665	24.97413704739833	24.855984979737144	25.22729147760086
115-119	24.9329873994811	25.035137552706328	24.838137257205886	25.193737790606686
120-124	24.973950000000002	24.8659	24.78305	25.377100000000002
125-129	25.02515	24.99585	24.834	25.145
130-134	25.0892	24.7667	24.86835	25.275750000000002
135-139	25.01825	24.9959	24.84935	25.1365
140-144	25.137500000000003	24.82	24.817249999999998	25.22525
145-149	25.238038333134167	24.81058683705393	24.88383709342983	25.06753773638208
>>END_MODULE
>>Per sequence GC content	warn
#GC Content	Count
0	20.0
1	14.0
2	10.5
3	11.5
4	12.0
5	17.5
6	20.5
7	22.0
8	19.0
9	22.0
10	29.0
11	23.5
12	24.0
13	33.0
14	36.5
15	39.0
16	44.5
17	60.5
18	74.0
19	94.5
20	132.0
21	177.5
22	227.5
23	305.0
24	424.0
25	527.0
26	637.5
27	782.0
28	966.0
29	1203.5
30	1444.5
31	1679.5
32	1972.0
33	2251.0
34	2555.5
35	2905.5
36	3293.0
37	3671.5
38	4134.0
39	4767.5
40	5386.5
41	6182.5
42	7197.5
43	8358.0
44	9847.5
45	11442.0
46	13229.5
47	15099.5
48	17061.5
49	19258.5
50	21332.0
51	23059.0
52	24328.5
53	24866.5
54	24464.5
55	23458.5
56	21585.0
57	19105.0
58	16470.5
59	13673.0
60	10987.5
61	8581.5
62	6475.5
63	4654.0
64	3228.5
65	2167.0
66	1415.5
67	902.5
68	541.0
69	332.5
70	204.0
71	101.5
72	49.0
73	32.0
74	19.5
75	15.0
76	9.0
77	4.0
78	3.0
79	4.0
80	3.5
81	2.0
82	1.5
83	1.0
84	0.5
85	0.5
86	1.5
87	2.0
88	2.5
89	2.0
90	0.5
91	0.0
92	0.5
93	2.0
94	2.0
95	2.5
96	4.0
97	3.5
98	3.5
99	5.5
100	78.5
>>END_MODULE
>>Per base N content	pass
#Base	N-Count
1	0.074
2	0.056749999999999995
3	0.058
4	0.0495
5	0.045
6	0.042749999999999996
7	0.0395
8	0.0385
9	0.03875
10-14	0.0369
15-19	0.041800000000000004
20-24	0.057050000000000003
25-29	0.0584
30-34	0.06105000000000001
35-39	0.059849999999999993
40-44	0.0631
45-49	0.0548
50-54	0.05664999999999999
55-59	0.05965
60-64	0.05695
65-69	0.05275
70-74	0.04455
75-79	0.038
80-84	0.0426
85-89	0.031349999999999996
90-94	0.01105
95-99	0.01085
100-104	0.00995
105-109	0.006999999999999999
110-114	0.0017499999999999998
115-119	1.5000000000000001E-4
120-124	0.0
125-129	0.0
130-134	0.0
135-139	0.0
140-144	0.0
145-149	3.5E-4
>>END_MODULE
>>Sequence Length Distribution	pass
#Length	Count
149	400000.0
>>END_MODULE
>>Sequence Duplication Levels	pass
#Total Deduplicated Percentage	89.28523696104432
#Duplication Level	Percentage of deduplicated	Percentage of total
1	89.98289127285311	80.34143769736576
2	8.482117540744156	15.146557491135445
3	1.2558694505839474	3.363918044625728
4	0.21581080082963863	0.770748739633081
5	0.045651806471214376	0.20380161792410556
6	0.00910784171726709	0.048791748355792613
7	0.002888563260465089	0.018053423863131458
8	0.0012392969294352915	0.00885207360077797
9	0.0018124583605316038	0.014564319678188114
>10	0.0020469195283984213	0.02107873244114366
>50	2.820243609192095E-4	0.021655326228374485
>100	2.820243609192095E-4	0.04054078514846852
>500	0.0	0.0
>1k	0.0	0.0
>5k	0.0	0.0
>10k+	0.0	0.0
>>END_MODULE
>>Overrepresented sequences	pass
>>END_MODULE
>>Adapter Content	pass
#Position	Illumina Universal Adapter	Illumina Small RNA 3' Adapter	Illumina Small RNA 5' Adapter	Nextera Transposase Sequence	SOLID Small RNA Adapter
1	0.0	0.0	0.0	0.0	0.0
2	0.0	0.0	0.0	0.0	0.0
3	0.0	0.0	0.0	0.0	0.0
4	0.0	0.0	0.0	0.0	0.0
5	0.0	0.0	0.0	0.0	0.0
6	0.0	0.0	0.0	0.0	0.0
7	0.0	0.0	0.0	0.0	0.0
8	0.0	0.0	0.0	0.0	0.0
9	0.0	0.0	0.0	0.0	0.0
10-11	0.0	0.0	0.0	0.0	0.0
12-13	0.0	2.5E-4	0.0	0.0	0.0
14-15	0.0	2.5E-4	0.0	0.0	0.0
16-17	0.0	2.5E-4	0.0	0.0	0.0
18-19	0.0	2.5E-4	0.0	0.0	0.0
20-21	0.0	2.5E-4	0.0	0.0	0.0
22-23	0.0	2.5E-4	0.0	0.0	0.0
24-25	0.0	2.5E-4	0.0	5.0E-4	0.0
26-27	0.0	2.5E-4	0.0	8.75E-4	0.0
28-29	0.0	2.5E-4	0.0	0.006999999999999999	0.0
30-31	0.0	2.5E-4	0.0	0.014499999999999999	0.0
32-33	0.0	2.5E-4	0.0	0.025625000000000002	0.0
34-35	0.0	2.5E-4	0.0	0.042874999999999996	0.0
36-37	0.0	2.5E-4	0.0	0.06687499999999999	0.0
38-39	0.0	2.5E-4	0.0	0.080625	0.0
40-41	0.0	2.5E-4	0.0	0.093375	0.0
42-43	0.0	2.5E-4	0.0	0.12287500000000001	0.0
44-45	0.0	2.5E-4	0.0	0.169125	0.0
46-47	0.0	2.5E-4	0.0	0.213625	0.0
48-49	0.0	2.5E-4	0.0	0.236	0.0
50-51	0.0	2.5E-4	0.0	0.254	0.0
52-53	0.0	2.5E-4	0.0	0.282875	0.0
54-55	0.0	2.5E-4	0.0	0.341125	0.0
56-57	0.0	2.5E-4	0.0	0.398625	0.0
58-59	0.0	2.5E-4	0.0	0.43825000000000003	0.0
60-61	0.0	2.5E-4	0.0	0.466625	0.0
62-63	0.0	2.5E-4	0.0	0.507375	0.0
64-65	0.0	2.5E-4	0.0	0.578875	0.0
66-67	0.0	2.5E-4	0.0	0.651125	0.0
68-69	0.0	2.5E-4	0.0	0.701375	0.0
70-71	0.0	2.5E-4	0.0	0.742	0.0
72-73	0.0	2.5E-4	0.0	0.8055	0.0
74-75	0.0	2.5E-4	0.0	0.899125	0.0
76-77	0.0	2.5E-4	0.0	0.9966250000000001	0.0
78-79	0.0	2.5E-4	0.0	1.0627499999999999	0.0
80-81	0.0	2.5E-4	0.0	1.11225	0.0
82-83	0.0	2.5E-4	0.0	1.189875	0.0
84-85	0.0	2.5E-4	0.0	1.303375	0.0
86-87	0.0	2.5E-4	0.0	1.409375	0.0
88-89	0.0	2.5E-4	0.0	1.498875	0.0
90-91	0.0	2.5E-4	0.0	1.567875	0.0
92-93	0.0	2.5E-4	0.0	1.6441249999999998	0.0
94-95	0.0	2.5E-4	0.0	1.7542499999999999	0.0
96-97	0.0	3.75E-4	0.0	1.88125	0.0
98-99	0.0	5.0E-4	0.0	1.9965000000000002	0.0
100-101	0.0	5.0E-4	0.0	2.07475	0.0
102-103	0.0	7.5E-4	0.0	2.154875	0.0
104-105	0.0	7.5E-4	0.0	2.2815000000000003	0.0
106-107	0.0	8.75E-4	0.0	2.4314999999999998	0.0
108-109	0.0	0.001	0.0	2.5755	0.0
110-111	0.0	0.001	0.0	2.67925	0.0
112-113	0.0	0.001	0.0	2.7800000000000002	0.0
114-115	0.0	0.001	0.0	2.9105	0.0
116-117	0.0	0.001	0.0	3.075125	0.0
118-119	0.0	0.001	0.0	3.229125	0.0
120-121	0.0	0.00125	0.0	3.3511249999999997	0.0
122-123	0.0	0.00125	0.0	3.46225	0.0
124-125	0.0	0.001375	0.0	3.6155	0.0
126-127	0.0	0.0015	0.0	3.8064999999999998	0.0
128-129	0.0	0.0015	0.0	4.00125	0.0
130-131	0.0	0.00175	0.0	4.1525	0.0
132-133	0.0	0.00175	0.0	4.2783750000000005	0.0
134-135	0.0	0.00175	0.0	4.422375000000001	0.0
136-137	0.0	0.00175	0.0	4.626250000000001	0.0
138	0.0	0.00175	0.0	4.78775	0.0
>>END_MODULE
