##FastQC	0.11.9
>>Basic Statistics	pass
#Measure	Value
Filename	SRR21901339_qc.fastq
File type	Conventional base calls
Encoding	Sanger / Illumina 1.9
Total Sequences	400000
Sequences flagged as poor quality	0
Sequence length	57-131
%GC	50
>>END_MODULE
>>Per base sequence quality	pass
#Base	Mean	Median	Lower Quartile	Upper Quartile	10th Percentile	90th Percentile
1	34.969715	36.0	36.0	36.0	36.0	36.0
2	34.922225	36.0	36.0	36.0	36.0	36.0
3	34.9326375	36.0	36.0	36.0	36.0	36.0
4	34.8655025	36.0	36.0	36.0	36.0	36.0
5	34.8358625	36.0	36.0	36.0	36.0	36.0
6	34.85249	36.0	36.0	36.0	36.0	36.0
7	34.8052	36.0	36.0	36.0	32.0	36.0
8	34.814495	36.0	36.0	36.0	32.0	36.0
9	34.7598925	36.0	36.0	36.0	32.0	36.0
10-11	34.75055625	36.0	36.0	36.0	32.0	36.0
12-13	34.7642225	36.0	36.0	36.0	32.0	36.0
14-15	34.75434625	36.0	36.0	36.0	32.0	36.0
16-17	34.72710125	36.0	36.0	36.0	32.0	36.0
18-19	34.70526375	36.0	36.0	36.0	32.0	36.0
20-21	34.674955	36.0	36.0	36.0	32.0	36.0
22-23	34.651906249999996	36.0	36.0	36.0	32.0	36.0
24-25	34.613662500000004	36.0	36.0	36.0	32.0	36.0
26-27	34.57192125	36.0	36.0	36.0	32.0	36.0
28-29	34.55319	36.0	36.0	36.0	32.0	36.0
30-31	34.505515	36.0	36.0	36.0	32.0	36.0
32-33	34.4539225	36.0	36.0	36.0	32.0	36.0
34-35	34.4052425	36.0	36.0	36.0	32.0	36.0
36-37	34.37014	36.0	36.0	36.0	32.0	36.0
38-39	34.322717499999996	36.0	36.0	36.0	32.0	36.0
40-41	34.27388	36.0	36.0	36.0	32.0	36.0
42-43	34.232135	36.0	36.0	36.0	32.0	36.0
44-45	34.1716925	36.0	36.0	36.0	32.0	36.0
46-47	34.11860125	36.0	36.0	36.0	32.0	36.0
48-49	34.0627525	36.0	36.0	36.0	32.0	36.0
50-51	34.03044375	36.0	36.0	36.0	32.0	36.0
52-53	34.013253750000004	36.0	36.0	36.0	32.0	36.0
54-55	33.97344875	36.0	36.0	36.0	32.0	36.0
56-57	33.929421250000004	36.0	36.0	36.0	32.0	36.0
58-59	33.891553169436854	36.0	36.0	36.0	29.5	36.0
60-61	33.87383611126805	36.0	36.0	36.0	27.0	36.0
62-63	33.80636790668608	36.0	36.0	36.0	27.0	36.0
64-65	33.78157628867061	36.0	36.0	36.0	27.0	36.0
66-67	33.749798134159114	36.0	36.0	36.0	27.0	36.0
68-69	33.72327322920743	36.0	36.0	36.0	27.0	36.0
70-71	33.686643907938816	36.0	36.0	36.0	27.0	36.0
72-73	33.60824043027251	36.0	36.0	36.0	27.0	36.0
74-75	33.61736160533499	36.0	36.0	36.0	27.0	36.0
76-77	33.58130554265854	36.0	36.0	36.0	27.0	36.0
78-79	33.533287713025196	36.0	32.0	36.0	27.0	36.0
80-81	33.513461788978816	36.0	32.0	36.0	27.0	36.0
82-83	33.484672290946634	36.0	32.0	36.0	27.0	36.0
84-85	33.436823862469645	36.0	32.0	36.0	27.0	36.0
86-87	33.35941057669115	36.0	32.0	36.0	27.0	36.0
88-89	33.331172648219344	36.0	32.0	36.0	27.0	36.0
90-91	33.29179588896345	36.0	32.0	36.0	27.0	36.0
92-93	33.26205468640491	36.0	32.0	36.0	27.0	36.0
94-95	33.20238494274078	36.0	32.0	36.0	27.0	36.0
96-97	33.13973834735192	36.0	32.0	36.0	27.0	36.0
98-99	33.09644486844615	36.0	32.0	36.0	27.0	36.0
100-101	33.06309557592269	36.0	32.0	36.0	27.0	36.0
102-103	32.976752555009035	36.0	32.0	36.0	27.0	36.0
104-105	32.927800610493954	36.0	32.0	36.0	27.0	36.0
106-107	32.94815192411919	36.0	32.0	36.0	27.0	36.0
108-109	32.94169409692615	36.0	32.0	36.0	27.0	36.0
110-111	32.86495728824834	36.0	32.0	36.0	27.0	36.0
112-113	32.88546063085642	36.0	32.0	36.0	27.0	36.0
114-115	32.86573610590992	36.0	32.0	36.0	27.0	36.0
116-117	32.9008588802877	36.0	32.0	36.0	27.0	36.0
118-119	33.01060191139361	36.0	32.0	36.0	27.0	36.0
120-121	33.081824933017735	36.0	32.0	36.0	27.0	36.0
122-123	33.21453316159221	36.0	32.0	36.0	27.0	36.0
124-125	33.526730764396845	36.0	32.0	36.0	29.5	36.0
126-127	33.84834926435586	36.0	32.0	36.0	32.0	36.0
128-129	34.35554338971623	36.0	32.0	36.0	32.0	36.0
130-131	34.36012082117641	36.0	32.0	36.0	32.0	36.0
>>END_MODULE
>>Per sequence quality scores	pass
#Quality	Count
2	83.0
3	17.0
4	10.0
5	16.0
6	17.0
7	10.0
8	9.0
9	2.0
10	6.0
11	3.0
12	4.0
13	2.0
14	23.0
15	28.0
16	28.0
17	53.0
18	153.0
19	372.0
20	604.0
21	979.0
22	1167.0
23	1454.0
24	1763.0
25	2380.0
26	3224.0
27	4597.0
28	6158.0
29	8502.0
30	11662.0
31	17610.0
32	29591.0
33	58186.0
34	127244.0
35	123954.0
36	89.0
>>END_MODULE
>>Per base sequence content	pass
#Base	G	A	T	C
1	24.73086543271636	26.137568784392194	25.16833416708354	23.963231615807903
2	24.989744769832615	25.755635374040757	24.836166444886892	24.41845341123973
3	24.85366512577295	25.155340097256406	25.05903423985912	24.931960537111525
4	25.196111783716717	25.050278658835534	24.801136647889297	24.95247290955845
5	25.14183510106064	25.33545127076246	24.465929557734643	25.056784070442266
6	25.0543446992343	25.200431255518897	24.85422612898142	24.890997916265388
7	24.888247404112896	25.05259313550143	25.15065025377282	24.90850920661285
8	24.970418937883522	24.876359915847193	25.21407183007337	24.939149316195913
9	24.834905896360926	25.606595759582962	24.96823189217854	24.59026645187757
10-11	24.960602543449767	25.22950581831644	24.746980779044055	25.062910859189735
12-13	25.076983497639837	25.266972015779427	24.751789194043443	24.904255292537293
14-15	25.15825298213533	25.257438609349965	24.458700380607645	25.12560802790706
16-17	25.299336225905826	24.940620548104548	24.56139253726303	25.198650688726598
18-19	25.12044726836102	25.023764258555133	24.941214728837302	24.91457374424655
20-21	24.996435316631437	25.194681742567322	24.870733324161048	24.938149616640192
22-23	24.949655153436083	25.12626862759323	24.745398918805332	25.178677300165358
24-25	25.16306883349656	25.089023388104447	24.680272517257468	25.067635261141525
26-27	25.179200150089116	25.017479128232388	24.541821706638316	25.26149901504018
28-29	25.199049465324247	24.854855856419235	24.727159026952663	25.21893565130386
30-31	25.039771277633534	25.030391259323736	24.928961994667148	25.000875468375582
32-33	24.983771654991013	25.18901800689658	24.80729231157922	25.01991802653319
34-35	25.006034576560328	24.944750793875123	24.85445101612264	25.19476361344191
36-37	25.09993146127562	24.984241096219364	24.62591364120728	25.289913801297732
38-39	25.22784947863837	24.943686440095004	24.718056985195254	25.11040709607137
40-41	25.19652932649071	24.82742317376257	24.831050445341397	25.144997054405323
42-43	24.95681811075326	24.986210562521496	25.006097370313622	25.050873956411618
44-45	25.015977677527317	24.98358457788289	24.89028244531632	25.11015529927347
46-47	25.137635791058738	24.994809736184518	24.599599286620126	25.26795518613662
48-49	25.14316873462476	24.814246461584254	24.84426218231799	25.198322621472997
50-51	25.13616642883139	24.951067632348767	24.684175178501526	25.22859076031832
52-53	25.07328700994002	24.822410317210192	24.960605105578317	25.143697567271474
54-55	24.874823677707862	25.069528506687742	24.935098390340038	25.12054942526436
56-57	25.05342742061542	24.947510451016218	24.821085355071947	25.177976773296418
58-59	25.17853190566163	24.819154776002012	24.690359214572155	25.311954103764204
60-61	25.13236908778503	24.89289171120654	24.728821571221697	25.245917629786735
62-63	25.045556135038765	24.96688816265885	24.802173187103456	25.185382515198928
64-65	25.00941379280148	24.962626304326342	24.847033685740698	25.18092621713148
66-67	24.931029130491382	25.0470654209351	24.945048617578433	25.07685683099508
68-69	25.184176197630865	24.91350391534975	24.650851552543628	25.251468334475753
70-71	25.182016825496035	24.709607702126217	24.679736987099115	25.428638485278633
72-73	25.08806592021812	24.764727853983498	24.803840315515576	25.343365910282806
74-75	24.987077888186544	24.88685272826753	24.951274183259496	25.174795200286432
76-77	25.043585778962264	24.813235411248733	24.873288333676793	25.26989047611221
78-79	25.07313298405409	24.908726483908204	24.815994113841352	25.202146418196346
80-81	25.1363433738776	24.744189008469718	24.752722409730623	25.366745207922055
82-83	25.174809066524706	24.555299043796968	24.844386658203486	25.425505231474848
84-85	24.954921909689375	24.834070155794514	25.00344279490595	25.20756513961016
86-87	24.934253652646827	25.018331247587138	24.90627097081769	25.141144128948344
88-89	25.065062870179673	24.780143621228376	24.846837957560997	25.307955551030958
90-91	24.9749949989998	24.879712784662196	24.719549172992494	25.425743043345513
92-93	25.116098608411185	24.846231628516342	24.798397008741777	25.239272754330695
94-95	25.001947349053587	24.749597771695484	24.92714228540885	25.321312593842077
96-97	24.84508504189259	24.85459527830348	25.088954675571873	25.211365004232057
98-99	25.036826758667026	24.92379958533758	24.894338178403963	25.14503547759143
100-101	25.04633628823268	24.80424141276058	24.84757248169612	25.30184981731062
102-103	25.02858410553081	24.784694846897274	24.83745456407106	25.349266483500855
104-105	25.11085847527182	24.63668291720924	24.787636053583288	25.464822553935658
106-107	25.0249341027285	24.713257818622214	24.97640165277481	25.285406425874474
108-109	24.943889780011343	24.82069125351451	25.036898568579495	25.198520397894647
110-111	25.18477678712076	24.847988406162376	24.78419079424089	25.183044012475975
112-113	25.160548166088493	24.563910378154635	24.913601407940643	25.361940047816233
114-115	25.039400187054	24.6852721670189	24.977737817806645	25.297589828120454
116-117	25.070362027087317	24.723738394625865	24.98223737476661	25.223662203520213
118-119	24.97876142196767	24.766176218376458	25.06989785540218	25.1851645042537
120-121	24.873503007371184	24.991745346160023	24.93463206553749	25.2001195809313
122-123	25.144913522300214	24.748982077241912	24.865540113212873	25.240564287245
124-125	24.83836491265108	24.718952868528	24.994392252071567	25.448289966749353
126-127	24.692765981610915	25.015497749868683	25.2388546334723	25.052881635048102
128-129	24.448474653489637	25.439380399165923	25.37980339588919	24.732341551455256
130-131	23.335323508154477	26.3425824089495	25.899506646136444	24.422587436759578
>>END_MODULE
>>Per sequence GC content	warn
#GC Content	Count
0	72.0
1	51.5
2	24.0
3	19.0
4	26.0
5	31.0
6	30.0
7	31.0
8	34.0
9	39.0
10	47.5
11	50.5
12	52.5
13	50.5
14	52.0
15	67.5
16	77.0
17	101.5
18	137.0
19	161.0
20	197.0
21	240.5
22	304.0
23	397.5
24	502.0
25	635.0
26	742.5
27	891.5
28	1125.5
29	1415.5
30	1704.5
31	1930.5
32	2162.5
33	2412.0
34	2728.0
35	3113.0
36	3539.0
37	3952.0
38	4429.5
39	4991.0
40	5600.5
41	6417.0
42	7461.0
43	8824.0
44	10339.0
45	11783.0
46	13483.0
47	15610.0
48	17730.0
49	19727.5
50	21453.0
51	23022.5
52	24204.0
53	24595.0
54	24362.5
55	23169.5
56	21202.5
57	18795.0
58	16065.5
59	13380.0
60	10990.5
61	8549.5
62	6349.0
63	4642.0
64	3266.0
65	2248.5
66	1469.0
67	953.0
68	598.0
69	357.5
70	215.5
71	127.0
72	65.0
73	38.0
74	26.5
75	18.0
76	11.0
77	8.5
78	6.0
79	2.0
80	3.0
81	5.0
82	4.0
83	3.5
84	3.0
85	2.0
86	2.5
87	3.0
88	3.0
89	2.0
90	0.5
91	1.0
92	2.5
93	3.5
94	4.5
95	4.0
96	5.5
97	8.0
98	9.0
99	32.5
100	103.0
>>END_MODULE
>>Per base N content	pass
#Base	N-Count
1	0.05
2	0.051000000000000004
3	0.058
4	0.056999999999999995
5	0.06
6	0.059250000000000004
7	0.05825
8	0.06275
9	0.056999999999999995
10-11	0.056999999999999995
12-13	0.059750000000000004
14-15	0.061125000000000006
16-17	0.060125
18-19	0.06
20-21	0.06125
22-23	0.06425
24-25	0.061375000000000006
26-27	0.059375
28-29	0.056249999999999994
30-31	0.0535
32-33	0.059125
34-35	0.055125
36-37	0.056499999999999995
38-39	0.057375
40-41	0.062625
42-43	0.059375
44-45	0.055875
46-47	0.05325
48-49	0.052375000000000005
50-51	0.053375000000000006
52-53	0.0505
54-55	0.041
56-57	0.039625
58-59	0.03487517437587188
60-61	0.03875155006200248
62-63	0.041380482913986105
64-65	0.037766003343916985
66-67	0.03115861235307588
68-69	0.026057946358214075
70-71	0.014807657315672903
72-73	0.005281789772191377
74-75	0.001891004993513853
76-77	3.7928017679513307E-4
78-79	3.8056915385522894E-4
80-81	7.641793477983994E-4
82-83	1.2797133442108967E-4
84-85	0.0
86-87	0.0
88-89	0.0
90-91	0.0
92-93	0.0
94-95	0.0
96-97	0.0
98-99	0.0
100-101	0.0
102-103	0.0
104-105	0.0
106-107	0.0
108-109	0.0
110-111	0.0
112-113	0.0
114-115	0.0
116-117	0.0
118-119	0.0
120-121	0.0
122-123	0.0
124-125	0.0
126-127	0.0
128-129	0.0
130-131	0.0
>>END_MODULE
>>Sequence Length Distribution	warn
#Length	Count
56-57	1.0
58-59	12.0
60-61	28.0
62-63	77.0
64-65	213.0
66-67	423.0
68-69	615.0
70-71	817.0
72-73	939.0
74-75	1087.0
76-77	1287.0
78-79	1489.0
80-81	1815.0
82-83	2112.0
84-85	2472.0
86-87	2771.0
88-89	3088.0
90-91	3515.0
92-93	3894.0
94-95	4197.0
96-97	4712.0
98-99	5288.0
100-101	5954.0
102-103	6601.0
104-105	7552.0
106-107	8699.0
108-109	10108.0
110-111	11740.0
112-113	14127.0
114-115	17150.0
116-117	20365.0
118-119	25397.0
120-121	31058.0
122-123	38103.0
124-125	44665.0
126-127	48605.0
128-129	45112.0
130-131	23912.0
>>END_MODULE
>>Sequence Duplication Levels	pass
#Total Deduplicated Percentage	89.47150768612596
#Duplication Level	Percentage of deduplicated	Percentage of total
1	90.1627808585724	80.66999940590252
2	8.330223390648975	14.90635292247192
3	1.2330691855343905	3.309736773331959
4	0.21103026293790117	0.7552478316981444
5	0.045210783694910585	0.20225384904274854
6	0.009764868464770876	0.05242065023398538
7	0.0025628445783031336	0.016051109787019652
8	0.0015461734650086716	0.01106707768468859
9	0.0012059597067525232	0.009710912985467994
>10	0.0023242424891539173	0.031655725902556955
>50	0.0	0.0
>100	2.8142990744353896E-4	0.03550374095898585
>500	0.0	0.0
>1k	0.0	0.0
>5k	0.0	0.0
>10k+	0.0	0.0
>>END_MODULE
>>Overrepresented sequences	pass
>>END_MODULE
>>Adapter Content	pass
#Position	Illumina Universal Adapter	Illumina Small RNA 3' Adapter	Illumina Small RNA 5' Adapter	Nextera Transposase Sequence	SOLID Small RNA Adapter
1	0.0	0.0	0.0	0.0	0.0
2	0.0	0.0	0.0	0.0	0.0
3	0.0	0.0	0.0	0.0	0.0
4	0.0	0.0	0.0	0.0	0.0
5	0.0	0.0	0.0	0.0	0.0
6	0.0	0.0	0.0	5.0E-4	0.0
7	0.0	0.0	0.0	5.0E-4	0.0
8	0.0	0.0	0.0	7.5E-4	0.0
9	0.0	0.0	0.0	0.001	0.0
10-11	0.0	0.0	0.0	0.006999999999999999	0.0
12-13	0.0	0.0	0.0	0.014499999999999999	0.0
14-15	0.0	0.0	0.0	0.025625000000000002	0.0
16-17	0.0	0.0	0.0	0.042874999999999996	0.0
18-19	0.0	0.0	0.0	0.06687499999999999	0.0
20-21	0.0	0.0	0.0	0.080625	0.0
22-23	0.0	0.0	0.0	0.093375	0.0
24-25	0.0	0.0	0.0	0.12287500000000001	0.0
26-27	0.0	0.0	0.0	0.169125	0.0
28-29	0.0	0.0	0.0	0.213625	0.0
30-31	0.0	0.0	0.0	0.236	0.0
32-33	0.0	0.0	0.0	0.254	0.0
34-35	0.0	0.0	0.0	0.282875	0.0
36-37	0.0	0.0	0.0	0.341125	0.0
38-39	0.0	0.0	0.0	0.398625	0.0
40-41	0.0	0.0	0.0	0.43825000000000003	0.0
42-43	0.0	0.0	0.0	0.466625	0.0
44-45	0.0	0.0	0.0	0.507375	0.0
46-47	0.0	0.0	0.0	0.578875	0.0
48-49	0.0	0.0	0.0	0.651125	0.0
50-51	0.0	0.0	0.0	0.701375	0.0
52-53	0.0	0.0	0.0	0.742	0.0
54-55	0.0	0.0	0.0	0.8055	0.0
56-57	0.0	0.0	0.0	0.899125	0.0
58-59	0.0	0.0	0.0	0.9966250000000001	0.0
60-61	0.0	0.0	0.0	1.0627499999999999	0.0
62-63	0.0	0.0	0.0	1.11225	0.0
64-65	0.0	0.0	0.0	1.18975	0.0
66-67	0.0	0.0	0.0	1.303	0.0
68-69	0.0	0.0	0.0	1.408375	0.0
70-71	0.0	0.0	0.0	1.4969999999999999	0.0
72-73	0.0	0.0	0.0	1.565	0.0
74-75	0.0	0.0	0.0	1.639125	0.0
76-77	0.0	0.0	0.0	1.74625	0.0
78-79	0.0	1.25E-4	0.0	1.871	0.0
80-81	0.0	2.5E-4	0.0	1.9823749999999998	0.0
82-83	0.0	2.5E-4	0.0	2.0575	0.0
84-85	0.0	5.0E-4	0.0	2.13325	0.0
86-87	0.0	5.0E-4	0.0	2.255	0.0
88-89	0.0	6.25E-4	0.0	2.396	0.0
90-91	0.0	7.5E-4	0.0	2.527875	0.0
92-93	0.0	7.5E-4	0.0	2.622375	0.0
94-95	0.0	7.5E-4	0.0	2.7125000000000004	0.0
96-97	0.0	7.5E-4	0.0	2.833	0.0
98-99	0.0	7.5E-4	0.0	2.976375	0.0
100-101	0.0	7.5E-4	0.0	3.108625	0.0
102-103	0.0	0.001	0.0	3.207875	0.0
104-105	0.0	0.001	0.0	3.2965	0.0
106-107	0.0	0.001	0.0	3.4160000000000004	0.0
108-109	0.0	0.001	0.0	3.55875	0.0
110-111	0.0	0.001	0.0	3.703125	0.0
112-113	0.0	0.00125	0.0	3.810375	0.0
114-115	0.0	0.00125	0.0	3.88575	0.0
116-117	0.0	0.00125	0.0	3.943625	0.0
118-119	0.0	0.00125	0.0	3.989375	0.0
120	0.0	0.00125	0.0	4.00675	0.0
>>END_MODULE
